1
1 25544U 98067A   24136.79884226  .00020274  00000+0  34526-3 0  9999
2 25544  03.7500 015.0000 0003286 171.4661 259.6570 15.51363823453527

2
1 25544U 98067A   24136.79884226  .00020274  00000+0  34526-3 0  9999
2 25544  11.2500 045.0000 0003286 171.4661 259.6570 15.51363823453527

3
1 25544U 98067A   24136.79884226  .00020274  00000+0  34526-3 0  9999
2 25544  18.7500 075.0000 0003286 171.4661 259.6570 15.51363823453527

4
1 25544U 98067A   24136.79884226  .00020274  00000+0  34526-3 0  9999
2 25544  26.2500 105.0000 0003286 171.4661 259.6570 15.51363823453527

5
1 25544U 98067A   24136.79884226  .00020274  00000+0  34526-3 0  9999
2 25544  33.7500 135.0000 0003286 171.4661 259.6570 15.51363823453527

6
1 25544U 98067A   24136.79884226  .00020274  00000+0  34526-3 0  9999
2 25544  41.2500 165.0000 0003286 171.4661 259.6570 15.51363823453527

7
1 25544U 98067A   24136.79884226  .00020274  00000+0  34526-3 0  9999
2 25544  48.7500 195.0000 0003286 171.4661 259.6570 15.51363823453527

8
1 25544U 98067A   24136.79884226  .00020274  00000+0  34526-3 0  9999
2 25544  56.2500 225.0000 0003286 171.4661 259.6570 15.51363823453527

9
1 25544U 98067A   24136.79884226  .00020274  00000+0  34526-3 0  9999
2 25544  63.7500 255.0000 0003286 171.4661 259.6570 15.51363823453527

10
1 25544U 98067A   24136.79884226  .00020274  00000+0  34526-3 0  9999
2 25544  71.2500 285.0000 0003286 171.4661 259.6570 15.51363823453527

11
1 25544U 98067A   24136.79884226  .00020274  00000+0  34526-3 0  9999
2 25544  78.7500 315.0000 0003286 171.4661 259.6570 15.51363823453527

12
1 25544U 98067A   24136.79884226  .00020274  00000+0  34526-3 0  9999
2 25544  86.2500 345.0000 0003286 171.4661 259.6570 15.51363823453527